10045	1
10141	1
18785	1
18786	1
18787	1
10048	1
10187	0
10189	1
10049	1
10194	1
10195   0
10051   0
10199   1
10201   1
10959   0
10055   0
10056   0
11702   1
10059   1
10060   1
10065   1
11918   1
11680   1
11681   0
11731   1
11732   0
11733   0
11682   1
11683   0
11684   1
11686   1
11687   1
11688   0
11689   0
11693   1
11694   0
11695   0
11919   0
11920   0
11921   1
11922   0
11923   0
11924   0
11925   1
11926   0
11927   0
12265   1
11928   0
11929   1
11930   0
11931   1
11933   1
11934   0
11935   1
11936   1
12086   1
12087   1
12088   1
12089   1
12122   1
12266   1
12269   1
12270   1
12271   1
12272   0
12273   1
12274   1
12275   1
12276   1
12280   1
12281   1
12277   1
13083   1
13100   1
13115   1
13116   0
12278   1
12279   1
13122   0
12282   1
12334   1
12336   1
12338   0
12335   1
12339   1
12343   0
12388   1
13123   0
13124   0
12395   1
12405   1
12557   1
13119   1
12568   1
12602   1
12873   1
12741   0
12880   1
12765   0
12784   0
12832   1
12833   0
12834   0
12835   0
12838   1
13120   0
13121   1
12837   1
12839   1
12840   1
12869   0
12882   1
12897   1
12905   1
13055   1
13068   1
13125   0
13131   1
13132   1
13133   1
13134   1
13135   1
13136   1
13137   1
13175   1
13176   0
13177   1
13179   1
13217   1
13196   1
13198   1
13203   1
13204   0
13199   1
13201   1
13202   1
13205   1
13206   1
13208   1
13213   1
13214   1
13215   1
13228   1
13235   1
13243   1
13244   1
13250   1
13252   1
13256   0
13262   1
13263   0
13264   1
13265   0
13266   1
13326   1
13511   1
13512   1
13298   1
13299   1
13300   1
13301   0
13302   0
13306   1
13332   1
13340   1
13347   1
13348   0
13399   1
13349   0
13350   0
13351   1
13352   1
13400   0
13401   1
13402   1
13403   0
13504   0
13505   0
13578   1
13506   1
13507   0
13508   1
13509   1
13513   1
13515   1
13518   1
13533   0
13534   0
13519   1
13520   1
13521   1
13526   1
13532   1
13551   1
13552   1
13575   1
13576   1
13579   1
13584   0
20442   1
20443   1
20448   1
20497   1
20498   1
20499   1
20500   1
20501   1
20506   0
20510   1
20502   1
20503   1
20504   1
20505   1
20513   1
20514   1
20515   1
20516   1
20517   1
20518   1
20524   1
20525   1
20553   1
20526   1
20527   1
20528   1
20551   1
20552   1
20554   1
20555   1
20558   1
20559   0
20560   1
20577   1
20561   0
20562   1
20571   1
20578   1
20579   1
20584   1
20585   0
20587   1
20591   1
20592   1
20593   1
20601   1
20602   1
20595   0
20596   1
20597   0
20603   1
20604   1
20605   1
20606   1
20875   1
20607   1
20611   1
20612   1
20614   0
20615   1
20616   1
20617   1
20720   1
20618   1
20652   1
20656   1
20662   1
20629   1
20630   0
20631   1
20632   0
20827   0
20640   1
20792   0
20641   1
21306   1
21307   1
20643   0
21941   1
20644   0
20645   1
20646   0
20878   0
20649   0
2276   0
2335   0
20650   1
20651   0
20654   1
20655   1
20664   1
20666   1
20672   1
20676   0
20677   1
3266   0
3840   0
20681   1
20716   1
20683   1
20684   0
20719   1
20725   1
20726   1